11314 train data points.
101631 feature dimension.
Most common word in training set is "the"

BernoulliNB baseline train accuracy = 0.5987272405868835
BernoulliNB baseline test accuracy = 0.4579129049389272

Logistic regression train accuracy = 0.9567792115962525
Logistic regression test accuracy = 0.6178969729155602

SVM train accuracy = 0.9744564256673148
SVM test accuracy = 0.5720924057355284

Decision tree train accuracy = 0.9747215838783808
Decision tree test accuracy = 0.41688794476898566

Confusion matrix of logistic regression
[[ 141.    2.    4.    1.    0.    0.    0.    6.    3.    6.    6.    3.   6.    5.    4.   28.    8.   30.   14.   34.]
 [   2.  252.   21.   21.   10.   50.    4.    7.    1.    4.    3.    8.   20.   12.   17.    5.    3.    1.    1.    7.]
 [   1.   22.  223.   41.   11.   32.    6.    0.    1.    0.    2.    7.   12.    2.    5.    1.    4.    0.    0.    1.]
 [   2.    7.   46.  222.   36.   12.   12.    3.    2.    0.    0.    4.   26.    3.    6.    2.    2.    2.    3.    2.]
 [   2.    7.   19.   30.  240.    7.   15.    5.    4.    2.    0.    6.   18.    2.    4.    2.    3.    0.    1.    3.]
 [   4.   21.   15.    5.    2.  246.    1.    0.    1.    1.    0.    2.   8.    2.    1.    0.    2.    1.    2.    2.]
 [   1.   10.    3.   15.   10.    4.  301.   10.    5.    6.    2.    3.   16.    8.    2.    3.    2.    0.    1.    2.]
 [   5.    3.    4.    3.   11.    1.    7.  253.   32.    6.    4.    5.   17.   16.    9.    2.   10.    7.    7.    6.]
 [  16.   10.   21.   10.   24.    9.   20.   47.  288.   29.   17.   26.   22.   29.   24.   20.   26.   17.   16.   12.]
 [   6.    7.    5.    0.    2.    8.    4.    9.   10.  287.   19.    8.   4.    4.    6.    2.   10.    9.    5.    3.]
 [   3.    2.    1.    1.    4.    0.    0.    2.    0.   25.  324.    2.   1.    3.    2.    2.    3.    0.    3.    2.]
 [   2.    4.    6.    4.    3.    6.    1.    2.    4.    0.    1.  261.   14.    3.    4.    1.   15.    4.    6.    1.]
 [  11.   13.    2.   33.   24.    4.    9.   17.   14.    2.    1.   15.   194.   10.   13.    3.    2.    3.    3.    1.]
 [  10.    2.    6.    1.    1.    1.    1.    2.    5.    3.    1.    5.   11.  256.    8.   10.    4.    4.    5.   12.]
 [  15.   12.    8.    3.    5.    5.    5.    8.   10.    5.    5.    8.   15.    7.  265.    5.    9.    5.    9.    7.]
 [  33.    1.    0.    1.    1.    4.    1.    4.    1.    5.    2.    2.   2.   12.    5.  269.    8.   12.    9.   42.]
 [   8.    1.    2.    0.    1.    2.    1.    4.    5.    3.    2.   11.   1.    8.    7.    2.  199.   10.   81.   20.]
 [  12.    4.    2.    0.    0.    4.    2.    3.    3.    5.    1.    6.   1.    4.    2.    9.   10.  244.   13.   11.]
 [   6.    7.    5.    1.    0.    0.    0.    9.    6.    7.    4.    8.   4.    7.    7.    4.   27.   18.  118.   15.]
 [  39.    2.    1.    0.    0.    0.    0.    5.    3.    1.    5.    6.   1.    3.    3.   28.   17.    9.   13.   68.]]

Most confused 2 classes
17 19 with 108 confusions
